111111111111111111111111111111
000000000000000000000000000000
111111111111111111111111111111
000000000000000000000000000000
000000000000000000000000000000
000000000001000000000000000000
000000000000000100000000000000
000000000000000000000000000000
000000000000000000000000000000
000000000011110000000000000000
000000000001111000000000000000
000000000000111100000000000000
000000000000000000000000000000
000000000001000000000000000000
000000001010000000000000000000
000000000000000000000000000000
000000000001111111111111111111
100000000000000010000111111111
000000000000000000000000000000
000000000000000000000000000000
000000000000000000000000000000
000000000000000000000000000000
000000000000000000000000000000
000000000000000000000000000000
000000000000000000000000000000
000000000000000000000000000000
000000000000000000000000000000
000000000000000000000000000000
000000000000000000000000000000
000000000000000000000000000000
